{
  "catenaXId": "3dDataAs-X_P3",
  "childItems": [
    {
      "catenaXId": "3dModel_sheet_tank",
      "transformation": [
        0.9202475547790527, 0, -0.3913368284702301, 0, 0, 1, 0, 0,
        0.3913368284702301, 0, 0.9202475547790527, 0, 0.7266845703125, 0,
        0.45476603507995605, 1
      ]
    },
    {
      "catenaXId": "AAS_P5",
      "transformation": [
        0.9965351223945618, 3.789290270450607e-10, -0.08317291736602783, 0,
        0.08264360576868057, 0.11263901740312576, 0.9901933073997498, 0,
        0.009368516504764557, -0.9936360120773315, 0.1122487485408783, 0,
        0.7398085594177246, -0.009829739108681679, 0.5797745585441589, 1
      ]
    },
    {
      "catenaXId": "3dModel_lid_reduced",
      "transformation": [
        0.9965351223945618, 3.789290270450607e-10, -0.08317291736602783, 0,
        0.08264360576868057, 0.11263901740312576, 0.9901933073997498, 0,
        0.009368516504764557, -0.9936360120773315, 0.1122487485408783, 0,
        0.7398085594177246, -0.009829739108681679, 0.5797745585441589, 1
      ]
    }
  ]
}
